0.89470428D+00     121
  0.1000000D+01  0.0000000D+00  0.0000000D+00  0.8969257D+00  0.0000000D+00 -0.0000000D+00
  0.2100650D+01  0.0000000D+00  0.0000000D+00  0.2163090D+01  0.0000000D+00 -0.0000000D+00
  0.2856436D+01  0.3945314D+01  0.3701468D+01  0.2736303D+01 -0.1212272D+00  0.8055681D-01
  0.2869062D+01  0.3348492D+01  0.3397354D+01  0.2961905D+01 -0.5233541D-01 -0.7778603D-01
  0.3075494D+01  0.3498058D+01  0.3320674D+01  0.2979187D+01 -0.1344626D+00  0.1694989D-01
  0.2962704D+01  0.3142495D+01  0.3173021D+01  0.3047413D+01 -0.1851288D-01 -0.1936360D+00
  0.2885408D+01  0.3221975D+01  0.3092857D+01  0.2834501D+01 -0.1264021D+00 -0.8493022D-01
  0.2718735D+01  0.2784691D+01  0.2789556D+01  0.2795592D+01  0.1041851D-01 -0.2640138D+00
  0.2448681D+01  0.2761389D+01  0.2649932D+01  0.2417520D+01 -0.1186141D+00 -0.1808431D+00
  0.2212265D+01  0.2221875D+01  0.2217853D+01  0.2283992D+01  0.2034433D-01 -0.2610389D+00
  0.1896298D+01  0.2160169D+01  0.2053116D+01  0.1863410D+01 -0.1004860D+00 -0.2307766D+00
  0.1621002D+01  0.1607552D+01  0.1608269D+01  0.1689104D+01  0.1793305D-01 -0.2075800D+00
  0.1364752D+01  0.1562091D+01  0.1459143D+01  0.1323900D+01 -0.7382523D-01 -0.2295052D+00
  0.1096538D+01  0.1080315D+01  0.1088216D+01  0.1157956D+01  0.1051001D-01 -0.1424152D+00
  0.9292075D+00  0.1062454D+01  0.9698441D+00  0.8844211D+00 -0.4774266D-01 -0.1942708D+00
  0.7019063D+00  0.6909130D+00  0.7021651D+00  0.7520885D+00  0.3895994D-02 -0.8947439D-01
  0.6066664D+00  0.6896396D+00  0.6136701D+00  0.5647756D+00 -0.2791069D-01 -0.1461245D+00
  0.4341834D+00  0.4288425D+00  0.4391997D+00  0.4707540D+00  0.2494415D-03 -0.5421081D-01
  0.3835060D+00  0.4320348D+00  0.3754338D+00  0.3494126D+00 -0.1520352D-01 -0.1003026D+00
  0.2636506D+00  0.2618337D+00  0.2692673D+00  0.2875036D+00 -0.9146178D-03 -0.3298735D-01
  0.2363701D+00  0.2634585D+00  0.2250210D+00  0.2117570D+00 -0.7897587D-02 -0.6415372D-01
  0.1587178D+00  0.1584559D+00  0.1628987D+00  0.1727925D+00 -0.8047890D-03 -0.2053618D-01
  0.1429106D+00  0.1575511D+00  0.1335640D+00  0.1268805D+00 -0.4037955D-02 -0.3889151D-01
  0.9528201D-01  0.9546971D-01  0.9772719D-01  0.1028860D+00 -0.4606143D-03 -0.1300012D-01
  0.8531353D-01  0.9308458D-01  0.7916930D-01  0.7573828D-01 -0.2187136D-02 -0.2275903D-01
  0.5719556D-01  0.5740115D-01  0.5837594D-01  0.6101708D-01 -0.2500260D-03 -0.8319460D-02
  0.5053685D-01  0.5465018D-01  0.4703891D-01  0.4520372D-01 -0.1269636D-02 -0.1313580D-01
  0.3431880D-01  0.3443461D-01  0.3474595D-01  0.3610550D-01 -0.9978182D-04 -0.5338107D-02
  0.2982479D-01  0.3201922D-01  0.2805189D-01  0.2702502D-01 -0.7327334D-03 -0.7548443D-02
  0.2059083D-01  0.2062895D-01  0.2065567D-01  0.2137502D-01 -0.2784041D-04 -0.3355685D-02
  0.1763113D-01  0.1882042D-01  0.1681591D-01  0.1622190D-01 -0.4482372D-03 -0.4354014D-02
  0.1236882D-01  0.1236771D-01  0.1230706D-01  0.1270146D-01 -0.2896973D-04 -0.2086041D-02
  0.1047211D-01  0.1113029D-01  0.1012074D-01  0.9771026D-02 -0.2793259D-03 -0.2557507D-02
  0.7440033D-02  0.7425373D-02  0.7352062D-02  0.7575874D-02 -0.2818783D-04 -0.1291143D-02
  0.6261193D-02  0.6631521D-02  0.6114121D-02  0.5907759D-02 -0.1618558D-03 -0.1523090D-02
  0.4488615D-02  0.4473442D-02  0.4415584D-02  0.4545287D-02 -0.2619967D-04 -0.7857103D-03
  0.3772119D-02  0.3983104D-02  0.3707582D-02  0.3586593D-02 -0.9490235D-04 -0.9171000D-03
  0.2717224D-02  0.2706239D-02  0.2667646D-02  0.2743271D-02 -0.2457192D-04 -0.4772826D-03
  0.2288867D-02  0.2409710D-02  0.2255122D-02  0.2185251D-02 -0.5305944D-04 -0.5586114D-03
  0.1654094D-02  0.1647507D-02  0.1623592D-02  0.1667510D-02 -0.1881991D-04 -0.2898100D-03
  0.1399243D-02  0.1468551D-02  0.1377907D-02  0.1338123D-02 -0.2861542D-04 -0.3418391D-03
  0.1013406D-02  0.1010120D-02  0.9960694D-03  0.1021248D-02 -0.1366694D-04 -0.1765822D-03
  0.8606779D-03  0.9003963D-03  0.8454895D-03  0.8231331D-03 -0.1541694D-04 -0.2099195D-03
  0.6253000D-03  0.6239761D-03  0.6157514D-03  0.6300126D-03 -0.9181555D-05 -0.1085601D-03
  0.5326902D-03  0.5554250D-03  0.5216661D-03  0.5091983D-03 -0.8208438D-05 -0.1289901D-03
  0.3887815D-03  0.3884543D-03  0.3835971D-03  0.3915749D-03 -0.5873487D-05 -0.6733580D-04
  0.3315259D-03  0.3445518D-03  0.3238321D-03  0.3168800D-03 -0.4541326D-05 -0.7927199D-04
  0.2435181D-03  0.2436001D-03  0.2406267D-03  0.2450629D-03 -0.3630858D-05 -0.4220879D-04
  0.2075081D-03  0.2149997D-03  0.2024082D-03  0.1985032D-03 -0.2622975D-05 -0.4876319D-04
  0.1536382D-03  0.1538358D-03  0.1519419D-03  0.1544092D-03 -0.2196424D-05 -0.2670830D-04
  0.1306276D-03  0.1349693D-03  0.1274232D-03  0.1251976D-03 -0.1608915D-05 -0.3007403D-04
  0.9757959D-04  0.9776895D-04  0.9651623D-04  0.9790070D-04 -0.1320188D-05 -0.1703975D-04
  0.8272545D-04  0.8526870D-04  0.8080177D-04  0.7950933D-04 -0.1028836D-05 -0.1863361D-04
  0.6236237D-04  0.6250712D-04  0.6165967D-04  0.6244898D-04 -0.7989579D-06 -0.1094025D-04
  0.5271571D-04  0.5422485D-04  0.5160129D-04  0.5083580D-04 -0.6744623D-06 -0.1162165D-04
  0.4008704D-04  0.4018692D-04  0.3960815D-04  0.4006758D-04 -0.4936020D-06 -0.7059358D-05
  0.3380780D-04  0.3471548D-04  0.3317487D-04  0.3271356D-04 -0.4433673D-06 -0.7308383D-05
  0.2590905D-04  0.2597484D-04  0.2558001D-04  0.2585306D-04 -0.3130380D-06 -0.4573217D-05
  0.2181909D-04  0.2237184D-04  0.2146003D-04  0.2117846D-04 -0.2884578D-06 -0.4637226D-05
  0.1683172D-04  0.1687457D-04  0.1660741D-04  0.1677253D-04 -0.2038723D-06 -0.2972114D-05
  0.1416760D-04  0.1450767D-04  0.1395975D-04  0.1378662D-04 -0.1851329D-06 -0.2968760D-05
  0.1098829D-04  0.1101661D-04  0.1083777D-04  0.1093876D-04 -0.1357491D-06 -0.1937776D-05
  0.9251381D-05  0.9462223D-05  0.9126420D-05  0.9019668D-05 -0.1174054D-06 -0.1916605D-05
  0.7206875D-05  0.7226118D-05  0.7107549D-05  0.7169624D-05 -0.9139507D-07 -0.1267961D-05
  0.6071721D-05  0.6203155D-05  0.5993059D-05  0.5927269D-05 -0.7384181D-07 -0.1246392D-05
  0.4747107D-05  0.4760576D-05  0.4682498D-05  0.4720665D-05 -0.6172047D-07 -0.8330319D-06
  0.4002214D-05  0.4084470D-05  0.3950612D-05  0.3910145D-05 -0.4646001D-07 -0.8154974D-06
  0.3138802D-05  0.3148432D-05  0.3097143D-05  0.3120555D-05 -0.4159656D-07 -0.5498730D-06
  0.2647310D-05  0.2698960D-05  0.2612503D-05  0.2587653D-05 -0.2945670D-07 -0.5362899D-06
  0.2081785D-05  0.2088735D-05  0.2054957D-05  0.2069275D-05 -0.2786050D-07 -0.3648337D-06
  0.1755410D-05  0.1787952D-05  0.1731639D-05  0.1716380D-05 -0.1891648D-07 -0.3541606D-06
  0.1383495D-05  0.1388505D-05  0.1366120D-05  0.1374860D-05 -0.1853862D-07 -0.2433231D-06
  0.1165345D-05  0.1185929D-05  0.1149109D-05  0.1139716D-05 -0.1233057D-07 -0.2347408D-06
  0.9198870D-06  0.9234704D-06  0.9085000D-06  0.9138383D-06 -0.1224453D-07 -0.1630752D-06
  0.7732287D-06  0.7863098D-06  0.7622198D-06  0.7564098D-06 -0.8121083D-08 -0.1560859D-06
  0.6107394D-06  0.6132719D-06  0.6031529D-06  0.6064263D-06 -0.8003588D-08 -0.1097209D-06
  0.5117700D-06  0.5201210D-06  0.5043682D-06  0.5007529D-06 -0.5352903D-08 -0.1040134D-06
  0.4039866D-06  0.4057516D-06  0.3988587D-06  0.4008810D-06 -0.5193351D-08 -0.7396655D-07
  0.3371780D-06  0.3425293D-06  0.3322187D-06  0.3299573D-06 -0.3513778D-08 -0.6937084D-07
  0.2656717D-06  0.2668830D-06  0.2621529D-06  0.2634149D-06 -0.3380690D-08 -0.4979415D-07
  0.2206964D-06  0.2241334D-06  0.2174041D-06  0.2159849D-06 -0.2382588D-08 -0.4623318D-07
  0.1732696D-06  0.1740934D-06  0.1708324D-06  0.1716253D-06 -0.2277304D-08 -0.3348790D-07
  0.1430587D-06  0.1452686D-06  0.1408523D-06  0.1399593D-06 -0.1665675D-08 -0.3080120D-07
  0.1114946D-06  0.1120547D-06  0.1098381D-06  0.1103341D-06 -0.1620255D-08 -0.2250529D-07
  0.9110455D-07  0.9252944D-07  0.8965057D-07  0.8908650D-07 -0.1178246D-08 -0.2066857D-07
  0.6995785D-07  0.7034242D-07  0.6878759D-07  0.6909259D-07 -0.9877584D-09 -0.1518832D-07
  0.5631293D-07  0.5721922D-07  0.5525986D-07  0.5490977D-07 -0.5903849D-09 -0.1366534D-07
  0.4246405D-07  0.4271439D-07  0.4163916D-07  0.4182892D-07 -0.5271821D-09 -0.9805246D-08
  0.3375584D-07  0.3431573D-07  0.3304370D-07  0.3283584D-07 -0.3911932D-09 -0.8728898D-08
  0.2492103D-07  0.2508464D-07  0.2438616D-07  0.2450044D-07 -0.4143301D-09 -0.6261236D-08
  0.1940465D-07  0.1974655D-07  0.1889540D-07  0.1877395D-07 -0.2736288D-09 -0.5610963D-08
  0.1376320D-07  0.1387034D-07  0.1338866D-07  0.1345211D-07 -0.2363411D-09 -0.3937694D-08
  0.1034843D-07  0.1054704D-07  0.9970037D-08  0.9902741D-08 -0.1110104D-09 -0.3430283D-08
  0.6937143D-08  0.7001510D-08  0.6686660D-08  0.6720220D-08 -0.1075829D-09 -0.2280299D-08
  0.5002948D-08  0.5109467D-08  0.4734533D-08  0.4700303D-08 -0.3476949D-10 -0.1926185D-08
  0.3110042D-08  0.3144643D-08  0.2948131D-08  0.2964355D-08 -0.4876098D-10 -0.1190443D-08
  0.2130789D-08  0.2181628D-08  0.1955132D-08  0.1939324D-08 -0.3996197D-11 -0.9591615D-09
  0.1201740D-08  0.1217169D-08  0.1112251D-08  0.1119362D-08 -0.1931548D-10 -0.5320577D-09
  0.7818828D-09  0.8027505D-09  0.6858292D-09  0.6792175D-09  0.9353411D-11 -0.4079306D-09
  0.3865283D-09  0.3921205D-09  0.3466235D-09  0.3491629D-09 -0.2621644D-11 -0.1929356D-09
  0.2383313D-09  0.2453733D-09  0.1967975D-09  0.1943892D-09  0.8008203D-11 -0.1375114D-09
  0.9946603D-10  0.1010228D-09  0.8855403D-10  0.8934087D-10 -0.4056295D-11 -0.5341299D-10
  0.6310607D-10  0.6502953D-10  0.4883252D-10  0.4820664D-10  0.2678958D-11 -0.4078551D-10
  0.2321206D-10  0.2369169D-10  0.1982885D-10  0.1989741D-10  0.4700934D-12 -0.1328242D-10
  0.1280960D-10  0.1326093D-10  0.9413221D-11  0.9234151D-11  0.6814460D-12 -0.8396682D-11
  0.4071406D-11  0.4196047D-11  0.3765399D-11  0.3752414D-11 -0.2758273D-12 -0.2136121D-11
  0.2653351D-11  0.2785497D-11  0.1884010D-11  0.1820323D-11  0.5576223D-13 -0.1812070D-11
  0.8947443D-12  0.9717954D-12  0.8592790D-12  0.8107339D-12  0.3221904D-13 -0.4140200D-12
  0.5809333D-12  0.6617886D-12  0.5051599D-12  0.4480518D-12  0.3971757D-13 -0.2266165D-12
  0.3032587D-12  0.3829325D-12  0.3846645D-12  0.3191197D-12 -0.1241319D-13 -0.3650296D-13
  0.2776106D-12  0.3696621D-12  0.3214652D-12  0.2494326D-12  0.3231394D-14 -0.3316797D-13
  0.2190017D-12  0.3155892D-12  0.3083891D-12  0.2234504D-12  0.1400879D-14 -0.4649439D-14
  0.2003768D-12  0.3080866D-12  0.2795293D-12  0.1907166D-12  0.1449326D-14  0.6208699D-15
  0.1694740D-12  0.2793732D-12  0.2716266D-12  0.1713445D-12  0.7623762D-16  0.5885583D-15
  0.1472811D-12  0.2682746D-12  0.2433855D-12  0.1398326D-12  0.2498886D-15  0.2624179D-14
  0.1169104D-12  0.2413203D-12  0.2363393D-12  0.1197655D-12  0.7674333D-16  0.3104708D-15
  0.9468164D-13  0.2306160D-12  0.2114674D-12  0.9215545D-13 -0.1271545D-15  0.2072710D-14
  0.7021944D-13  0.2099101D-12  0.2052916D-12  0.7246157D-13 -0.5964118D-16  0.5046982D-15
  0.4882162D-13  0.2035127D-12  0.1844908D-12  0.4620067D-13  0.2431107D-15  0.8795721D-15
  0.2383944D-13  0.1884757D-12  0.1802064D-12  0.2171462D-13  0.3646087D-15  0.7309128D-15
 -0.2194859D-14  0.1843394D-12  0.1630754D-12 -0.6741352D-14  0.1188761D-14 -0.2565466D-15
0.89470428D+00     121
  0.1000000D+01  0.0000000D+00  0.0000000D+00  0.8969257D+00  0.0000000D+00 -0.0000000D+00
  0.2100650D+01  0.0000000D+00  0.0000000D+00  0.2163090D+01  0.0000000D+00 -0.0000000D+00
  0.2856436D+01  0.3945314D+01  0.3701468D+01  0.2736303D+01 -0.1212272D+00  0.8055681D-01
  0.2869062D+01  0.3348492D+01  0.3397354D+01  0.2961905D+01 -0.5233541D-01 -0.7778603D-01
  0.3075494D+01  0.3498058D+01  0.3320674D+01  0.2979187D+01 -0.1344626D+00  0.1694989D-01
  0.2962704D+01  0.3142495D+01  0.3173021D+01  0.3047413D+01 -0.1851288D-01 -0.1936360D+00
  0.2885408D+01  0.3221975D+01  0.3092857D+01  0.2834501D+01 -0.1264021D+00 -0.8493022D-01
  0.2718735D+01  0.2784691D+01  0.2789556D+01  0.2795592D+01  0.1041851D-01 -0.2640138D+00
  0.2448681D+01  0.2761389D+01  0.2649932D+01  0.2417520D+01 -0.1186141D+00 -0.1808431D+00
  0.2212265D+01  0.2221875D+01  0.2217853D+01  0.2283992D+01  0.2034433D-01 -0.2610389D+00
  0.1896298D+01  0.2160169D+01  0.2053116D+01  0.1863410D+01 -0.1004860D+00 -0.2307766D+00
  0.1621002D+01  0.1607552D+01  0.1608269D+01  0.1689104D+01  0.1793305D-01 -0.2075800D+00
  0.1364752D+01  0.1562091D+01  0.1459143D+01  0.1323900D+01 -0.7382523D-01 -0.2295052D+00
  0.1096538D+01  0.1080315D+01  0.1088216D+01  0.1157956D+01  0.1051001D-01 -0.1424152D+00
  0.9292075D+00  0.1062454D+01  0.9698441D+00  0.8844211D+00 -0.4774266D-01 -0.1942708D+00
  0.7019063D+00  0.6909130D+00  0.7021651D+00  0.7520885D+00  0.3895994D-02 -0.8947439D-01
  0.6066664D+00  0.6896396D+00  0.6136701D+00  0.5647756D+00 -0.2791069D-01 -0.1461245D+00
  0.4341834D+00  0.4288425D+00  0.4391997D+00  0.4707540D+00  0.2494415D-03 -0.5421081D-01
  0.3835060D+00  0.4320348D+00  0.3754338D+00  0.3494126D+00 -0.1520352D-01 -0.1003026D+00
  0.2636506D+00  0.2618337D+00  0.2692673D+00  0.2875036D+00 -0.9146178D-03 -0.3298735D-01
  0.2363701D+00  0.2634585D+00  0.2250210D+00  0.2117570D+00 -0.7897587D-02 -0.6415372D-01
  0.1587178D+00  0.1584559D+00  0.1628987D+00  0.1727925D+00 -0.8047890D-03 -0.2053618D-01
  0.1429106D+00  0.1575511D+00  0.1335640D+00  0.1268805D+00 -0.4037955D-02 -0.3889151D-01
  0.9528201D-01  0.9546971D-01  0.9772719D-01  0.1028860D+00 -0.4606143D-03 -0.1300012D-01
  0.8531353D-01  0.9308458D-01  0.7916930D-01  0.7573828D-01 -0.2187136D-02 -0.2275903D-01
  0.5719556D-01  0.5740115D-01  0.5837594D-01  0.6101708D-01 -0.2500260D-03 -0.8319460D-02
  0.5053685D-01  0.5465018D-01  0.4703891D-01  0.4520372D-01 -0.1269636D-02 -0.1313580D-01
  0.3431880D-01  0.3443461D-01  0.3474595D-01  0.3610550D-01 -0.9978182D-04 -0.5338107D-02
  0.2982479D-01  0.3201922D-01  0.2805189D-01  0.2702502D-01 -0.7327334D-03 -0.7548443D-02
  0.2059083D-01  0.2062895D-01  0.2065567D-01  0.2137502D-01 -0.2784041D-04 -0.3355685D-02
  0.1763113D-01  0.1882042D-01  0.1681591D-01  0.1622190D-01 -0.4482372D-03 -0.4354014D-02
  0.1236882D-01  0.1236771D-01  0.1230706D-01  0.1270146D-01 -0.2896973D-04 -0.2086041D-02
  0.1047211D-01  0.1113029D-01  0.1012074D-01  0.9771026D-02 -0.2793259D-03 -0.2557507D-02
  0.7440033D-02  0.7425373D-02  0.7352062D-02  0.7575874D-02 -0.2818783D-04 -0.1291143D-02
  0.6261193D-02  0.6631521D-02  0.6114121D-02  0.5907759D-02 -0.1618558D-03 -0.1523090D-02
  0.4488615D-02  0.4473442D-02  0.4415584D-02  0.4545287D-02 -0.2619967D-04 -0.7857103D-03
  0.3772119D-02  0.3983104D-02  0.3707582D-02  0.3586593D-02 -0.9490235D-04 -0.9171000D-03
  0.2717224D-02  0.2706239D-02  0.2667646D-02  0.2743271D-02 -0.2457192D-04 -0.4772826D-03
  0.2288867D-02  0.2409710D-02  0.2255122D-02  0.2185251D-02 -0.5305944D-04 -0.5586114D-03
  0.1654094D-02  0.1647507D-02  0.1623592D-02  0.1667510D-02 -0.1881991D-04 -0.2898100D-03
  0.1399243D-02  0.1468551D-02  0.1377907D-02  0.1338123D-02 -0.2861542D-04 -0.3418391D-03
  0.1013406D-02  0.1010120D-02  0.9960694D-03  0.1021248D-02 -0.1366694D-04 -0.1765822D-03
  0.8606779D-03  0.9003963D-03  0.8454895D-03  0.8231331D-03 -0.1541694D-04 -0.2099195D-03
  0.6253000D-03  0.6239761D-03  0.6157514D-03  0.6300126D-03 -0.9181555D-05 -0.1085601D-03
  0.5326902D-03  0.5554250D-03  0.5216661D-03  0.5091983D-03 -0.8208438D-05 -0.1289901D-03
  0.3887815D-03  0.3884543D-03  0.3835971D-03  0.3915749D-03 -0.5873487D-05 -0.6733580D-04
  0.3315259D-03  0.3445518D-03  0.3238321D-03  0.3168800D-03 -0.4541326D-05 -0.7927199D-04
  0.2435181D-03  0.2436001D-03  0.2406267D-03  0.2450629D-03 -0.3630858D-05 -0.4220879D-04
  0.2075081D-03  0.2149997D-03  0.2024082D-03  0.1985032D-03 -0.2622975D-05 -0.4876319D-04
  0.1536382D-03  0.1538358D-03  0.1519419D-03  0.1544092D-03 -0.2196424D-05 -0.2670830D-04
  0.1306276D-03  0.1349693D-03  0.1274232D-03  0.1251976D-03 -0.1608915D-05 -0.3007403D-04
  0.9757959D-04  0.9776895D-04  0.9651623D-04  0.9790070D-04 -0.1320188D-05 -0.1703975D-04
  0.8272545D-04  0.8526870D-04  0.8080177D-04  0.7950933D-04 -0.1028836D-05 -0.1863361D-04
  0.6236237D-04  0.6250712D-04  0.6165967D-04  0.6244898D-04 -0.7989579D-06 -0.1094025D-04
  0.5271571D-04  0.5422485D-04  0.5160129D-04  0.5083580D-04 -0.6744623D-06 -0.1162165D-04
  0.4008704D-04  0.4018692D-04  0.3960815D-04  0.4006758D-04 -0.4936020D-06 -0.7059358D-05
  0.3380780D-04  0.3471548D-04  0.3317487D-04  0.3271356D-04 -0.4433673D-06 -0.7308383D-05
  0.2590905D-04  0.2597484D-04  0.2558001D-04  0.2585306D-04 -0.3130380D-06 -0.4573217D-05
  0.2181909D-04  0.2237184D-04  0.2146003D-04  0.2117846D-04 -0.2884578D-06 -0.4637226D-05
  0.1683172D-04  0.1687457D-04  0.1660741D-04  0.1677253D-04 -0.2038723D-06 -0.2972114D-05
  0.1416760D-04  0.1450767D-04  0.1395975D-04  0.1378662D-04 -0.1851329D-06 -0.2968760D-05
  0.1098829D-04  0.1101661D-04  0.1083777D-04  0.1093876D-04 -0.1357491D-06 -0.1937776D-05
  0.9251381D-05  0.9462223D-05  0.9126420D-05  0.9019668D-05 -0.1174054D-06 -0.1916605D-05
  0.7206875D-05  0.7226118D-05  0.7107549D-05  0.7169624D-05 -0.9139507D-07 -0.1267961D-05
  0.6071721D-05  0.6203155D-05  0.5993059D-05  0.5927269D-05 -0.7384181D-07 -0.1246392D-05
  0.4747107D-05  0.4760576D-05  0.4682498D-05  0.4720665D-05 -0.6172047D-07 -0.8330319D-06
  0.4002214D-05  0.4084470D-05  0.3950612D-05  0.3910145D-05 -0.4646001D-07 -0.8154974D-06
  0.3138802D-05  0.3148432D-05  0.3097143D-05  0.3120555D-05 -0.4159656D-07 -0.5498730D-06
  0.2647310D-05  0.2698960D-05  0.2612503D-05  0.2587653D-05 -0.2945670D-07 -0.5362899D-06
  0.2081785D-05  0.2088735D-05  0.2054957D-05  0.2069275D-05 -0.2786050D-07 -0.3648337D-06
  0.1755410D-05  0.1787952D-05  0.1731639D-05  0.1716380D-05 -0.1891648D-07 -0.3541606D-06
  0.1383495D-05  0.1388505D-05  0.1366120D-05  0.1374860D-05 -0.1853862D-07 -0.2433231D-06
  0.1165345D-05  0.1185929D-05  0.1149109D-05  0.1139716D-05 -0.1233057D-07 -0.2347408D-06
  0.9198870D-06  0.9234704D-06  0.9085000D-06  0.9138383D-06 -0.1224453D-07 -0.1630752D-06
  0.7732287D-06  0.7863098D-06  0.7622198D-06  0.7564098D-06 -0.8121083D-08 -0.1560859D-06
  0.6107394D-06  0.6132719D-06  0.6031529D-06  0.6064263D-06 -0.8003588D-08 -0.1097209D-06
  0.5117700D-06  0.5201210D-06  0.5043682D-06  0.5007529D-06 -0.5352903D-08 -0.1040134D-06
  0.4039866D-06  0.4057516D-06  0.3988587D-06  0.4008810D-06 -0.5193351D-08 -0.7396655D-07
  0.3371780D-06  0.3425293D-06  0.3322187D-06  0.3299573D-06 -0.3513778D-08 -0.6937084D-07
  0.2656717D-06  0.2668830D-06  0.2621529D-06  0.2634149D-06 -0.3380690D-08 -0.4979415D-07
  0.2206964D-06  0.2241334D-06  0.2174041D-06  0.2159849D-06 -0.2382588D-08 -0.4623318D-07
  0.1732696D-06  0.1740934D-06  0.1708324D-06  0.1716253D-06 -0.2277304D-08 -0.3348790D-07
  0.1430587D-06  0.1452686D-06  0.1408523D-06  0.1399593D-06 -0.1665675D-08 -0.3080120D-07
  0.1114946D-06  0.1120547D-06  0.1098381D-06  0.1103341D-06 -0.1620255D-08 -0.2250529D-07
  0.9110455D-07  0.9252944D-07  0.8965057D-07  0.8908650D-07 -0.1178246D-08 -0.2066857D-07
  0.6995785D-07  0.7034242D-07  0.6878759D-07  0.6909259D-07 -0.9877584D-09 -0.1518832D-07
  0.5631293D-07  0.5721922D-07  0.5525986D-07  0.5490977D-07 -0.5903849D-09 -0.1366534D-07
  0.4246405D-07  0.4271439D-07  0.4163916D-07  0.4182892D-07 -0.5271821D-09 -0.9805246D-08
  0.3375584D-07  0.3431573D-07  0.3304370D-07  0.3283584D-07 -0.3911932D-09 -0.8728898D-08
  0.2492103D-07  0.2508464D-07  0.2438616D-07  0.2450044D-07 -0.4143301D-09 -0.6261236D-08
  0.1940465D-07  0.1974655D-07  0.1889540D-07  0.1877395D-07 -0.2736288D-09 -0.5610963D-08
  0.1376320D-07  0.1387034D-07  0.1338866D-07  0.1345211D-07 -0.2363411D-09 -0.3937694D-08
  0.1034843D-07  0.1054704D-07  0.9970037D-08  0.9902741D-08 -0.1110104D-09 -0.3430283D-08
  0.6937143D-08  0.7001510D-08  0.6686660D-08  0.6720220D-08 -0.1075829D-09 -0.2280299D-08
  0.5002948D-08  0.5109467D-08  0.4734533D-08  0.4700303D-08 -0.3476949D-10 -0.1926185D-08
  0.3110042D-08  0.3144643D-08  0.2948131D-08  0.2964355D-08 -0.4876098D-10 -0.1190443D-08
  0.2130789D-08  0.2181628D-08  0.1955132D-08  0.1939324D-08 -0.3996197D-11 -0.9591615D-09
  0.1201740D-08  0.1217169D-08  0.1112251D-08  0.1119362D-08 -0.1931548D-10 -0.5320577D-09
  0.7818828D-09  0.8027505D-09  0.6858292D-09  0.6792175D-09  0.9353411D-11 -0.4079306D-09
  0.3865283D-09  0.3921205D-09  0.3466235D-09  0.3491629D-09 -0.2621644D-11 -0.1929356D-09
  0.2383313D-09  0.2453733D-09  0.1967975D-09  0.1943892D-09  0.8008203D-11 -0.1375114D-09
  0.9946603D-10  0.1010228D-09  0.8855403D-10  0.8934087D-10 -0.4056295D-11 -0.5341299D-10
  0.6310607D-10  0.6502953D-10  0.4883252D-10  0.4820664D-10  0.2678958D-11 -0.4078551D-10
  0.2321206D-10  0.2369169D-10  0.1982885D-10  0.1989741D-10  0.4700934D-12 -0.1328242D-10
  0.1280960D-10  0.1326093D-10  0.9413221D-11  0.9234151D-11  0.6814460D-12 -0.8396682D-11
  0.4071406D-11  0.4196047D-11  0.3765399D-11  0.3752414D-11 -0.2758273D-12 -0.2136121D-11
  0.2653351D-11  0.2785497D-11  0.1884010D-11  0.1820323D-11  0.5576223D-13 -0.1812070D-11
